# empirical Zn-insertion OCP of the original programs: piecewise cubic in theta (see README.md)
# float32 values, 9 significant digits (exact). Layout: n_points; theta; then per interval p1 p2 p3 p4
51
0 0.0199999996 0.0399999991 0.0599999987 0.0799999982 0.100000001 0.119999997 0.140000001 0.159999996 0.180000007 0.200000003 0.219999999 0.239999995 0.25999999 0.280000001 0.300000012 0.319999993
0.340000004 0.360000014 0.379999995 0.400000006 0.419999987 0.439999998 0.460000008 0.479999989 0.5 0.519999981 0.540000021 0.560000002 0.579999983 0.600000024 0.620000005 0.639999986 0.660000026
0.680000007 0.699999988 0.720000029 0.74000001 0.75999999 0.779999971 0.800000012 0.819999993 0.839999974 0.860000014 0.879999995 0.899999976 0.920000017 0.939999998 0.959999979 0.980000019 1
-74.7085342 33.7272644 -6.54694223 1
-74.7085342 29.244751 -5.28750181 0.881954372
-74.7456665 24.7622375 -4.20736217 0.78730458
-74.5971603 20.2774982 -3.30656719 0.712464273
-75.1540527 15.8016691 -2.58498383 0.653847158
-68.1904678 11.2924261 -2.04310203 0.607866943
-75.9498596 7.20099783 -1.67323351 0.570976317
-3.70358801 2.64400649 -1.4763335 0.539784431
14.4279232 2.42179108 -1.37501752 0.511285782
10.9890938 3.28746653 -1.26083231 0.48486954
-1.40640032 3.94681215 -1.1161468 0.461055785
-12.403801 3.86242819 -0.959961951 0.440300345
-8.96304989 3.11820006 -0.820349395 0.422546834
-8.65488911 2.58041716 -0.706377089 0.407315433
-3.44586945 2.06112361 -0.613546252 0.394150823
-9.43164444 1.85437155 -0.535236359 0.38267678
-11.8921757 1.28847289 -0.472379446 0.372638345
-2.56826234 0.57494235 -0.435111135 0.363611013
4.7921586 0.420846641 -0.415195376 0.355118215
2.89402437 0.708376169 -0.392610908 0.347020984
-5.35905027 0.882017612 -0.360803038 0.339475274
-6.84123421 0.560474575 -0.331953198 0.332569122
-2.90992284 0.150000513 -0.317743689 0.326099545
1.39470208 -0.0245948527 -0.315235585 0.319781363
0.45333463 0.059087269 -0.314545721 0.313477993
-2.29640126 0.0862873495 -0.311638236 0.30721432
-2.72194052 -0.0514967293 -0.310942411 0.300997704
-1.06001663 -0.214813158 -0.316268623 0.294736475
-0.480185568 -0.27841416 -0.326133162 0.288316697
-1.90021694 -0.307225287 -0.337845951 0.281678826
2.34230113 -0.421238303 -0.352415234 0.27478382
2.92269611 -0.280700237 -0.366454005 0.267585754
0.0362216085 -0.105338469 -0.374174774 0.260167778
-3.1404314 -0.103165172 -0.378344864 0.252642453
-2.63668156 -0.291591048 -0.386239976 0.245009154
-5.88897371 -0.449791938 -0.401067644 0.237146631
-6.67412281 -0.803130388 -0.426126093 0.228898257
0.554194331 -1.20357776 -0.466260254 0.220001087
8.44912529 -1.17032611 -0.513738334 0.210198879
4.24564362 -0.663378537 -0.550412416 0.199523583
-9.94572353 -0.408639908 -0.571852803 0.18828395
-10.2190332 -1.00538337 -0.60013324 0.176603869
-8.45994377 -1.61852527 -0.652611434 0.164117292
-4.66900682 -2.126122 -0.727504373 0.150349975
-5.19376755 -2.4062624 -0.81815207 0.134912089
1.71467102 -2.71788836 -0.920635045 0.117544994
1.67700875 -2.61500812 -1.02729297 0.098058857
1.68705201 -2.51438761 -1.12988091 0.076480411
1.68454123 -2.41316462 -1.22843194 0.0528905317
1.68454123 -2.31209207 -1.32293713 0.0273701027
